[array([0.612493, 0.206429]), array([0.698352, 0.999999]), array([0.947632, 0.605781, 0.861275]), array([0.406333, 0.383024, 0.354525, 0.401452]), array([0.153527, 0.781041, 0.999999, 0.999999]), array([0.258679, 0.059397, 0.993008, 0.972631, 0.005029]), array([0.      , 0.570525, 0.243989, 0.229567, 0.363137, 0.801257]), array([0.999999, 0.999999, 0.999999, 0.999999, 0.999999, 0.999999,
       0.999999, 0.999999])]
[array([0.377593, 0.567067]), array([0.679828, 0.999999]), array([0.197746, 0.023735, 0.000957]), array([0.409521, 0.42175 , 0.342468, 0.438454]), array([0.039464, 0.669769, 0.999999, 0.999999]), array([0.303927, 0.267859, 0.104197, 0.914425, 0.03119 ]), array([0.      , 0.444293, 0.232966, 0.155518, 0.385538, 0.666633]), array([0.8     , 0.8     , 0.8     , 0.8     , 0.999999, 0.999999,
       0.999999, 0.999999])]
[array([0.05, 0.85]), array([0.71    , 0.999999]), array([0.9 , 0.65, 0.8 ]), array([0.43, 0.36, 0.37, 0.39]), array([0.2     , 0.82    , 0.999999, 0.999999]), array([0.32, 0.28, 0.3 , 0.9 , 0.05]), array([0.  , 0.48, 0.26, 0.18, 0.4 , 0.7 ]), array([0.85    , 0.75    , 0.85    , 0.75    , 0.999999, 0.999999,
       0.999999, 0.999999])]
[array([0.9, 0.1]), array([0.69    , 0.999999]), array([0.95, 0.6 , 0.9 ]), array([0.44, 0.34, 0.38, 0.38]), array([0.22    , 0.85    , 0.999999, 0.999999]), array([0.35, 0.3 , 0.4 , 0.88, 0.07]), array([0.   , 0.46 , 0.245, 0.17 , 0.395, 0.68 ]), array([0.82    , 0.78    , 0.82    , 0.78    , 0.999999, 0.999999,
       0.999999, 0.999999])]
[array([0.5, 0.5]), array([0.695   , 0.999999]), array([0.93, 0.62, 0.88]), array([0.42, 0.38, 0.36, 0.4 ]), array([0.23    , 0.87    , 0.999999, 0.999999]), array([0.38, 0.32, 0.5 , 0.86, 0.09]), array([0.   , 0.45 , 0.233, 0.155, 0.386, 0.67 ]), array([0.8     , 0.82    , 0.8     , 0.78    , 0.999999, 0.999999,
       0.999999, 0.999999])]
[array([0.25, 0.75]), array([0.6925  , 0.999999]), array([0.955, 0.6  , 0.87 ]), array([0.415, 0.385, 0.355, 0.41 ]), array([0.24    , 0.88    , 0.999999, 0.999999]), array([0.4 , 0.34, 0.55, 0.85, 0.11]), array([0.   , 0.44 , 0.235, 0.15 , 0.385, 0.665]), array([0.8     , 0.8     , 0.8     , 0.8     , 0.999999, 0.999999,
       0.999999, 0.999999])]
[array([0.75, 0.25]), array([0.69375 , 0.999999]), array([0.95 , 0.607, 0.865]), array([0.42 , 0.392, 0.348, 0.418]), array([0.25    , 0.9     , 0.999999, 0.999999]), array([0.41 , 0.35 , 0.57 , 0.845, 0.125]), array([0.   , 0.442, 0.236, 0.148, 0.387, 0.675]), array([0.805   , 0.795   , 0.805   , 0.795   , 0.999999, 0.999999,
       0.999999, 0.999999])]
[array([0.5, 0.5]), array([0.6945  , 0.999999]), array([0.948, 0.608, 0.868]), array([0.418, 0.388, 0.35 , 0.415]), array([0.26    , 0.92    , 0.999999, 0.999999]), array([0.42 , 0.36 , 0.58 , 0.84 , 0.135]), array([0.   , 0.445, 0.234, 0.15 , 0.386, 0.67 ]), array([0.8     , 0.8     , 0.8     , 0.8     , 0.999999, 0.999999,
       0.999999, 0.999999])]